,predict
0,
1,
2,
3,
4,
5,
6,
7,
8,
9,
10,
11,
12,
13,
14,
15,
16,
17,
18,
19,
20,
21,301200000000.0
22,301200000000.0
23,301200000000.0
24,301200000000.0
25,301200000000.0
26,301200000000.0
27,301200000000.0
28,301200000000.0
29,301200000000.0
30,301200000000.0
31,301200000000.0
32,301200000000.0
33,301200000000.0
34,301200000000.0
35,301200000000.0
36,301200000000.0
37,301200000000.0
38,301200000000.0
39,301200000000.0
40,301200000000.0
41,301200000000.0
42,301200000000.0
43,301200000000.0
44,301200000000.0
45,301200000000.0
46,301200000000.0
47,301200000000.0
48,301200000000.0
49,301200000000.0
50,301200000000.0
51,301200000000.0
52,301200000000.0
53,301200000000.0
54,301200000000.0
55,301200000000.0
56,301200000000.0
57,301200000000.0
58,301200000000.0
59,301200000000.0
60,301200000000.0
61,301200000000.0
62,301200000000.0
63,301200000000.0
64,301200000000.0
65,301200000000.0
66,301200000000.0
67,301200000000.0
68,301200000000.0
69,301200000000.0
70,301200000000.0
